num_verts prob_arc num_arcs max_cap seed algo time measure
1000 0.2 99985 100 27357 dinic 0.0289272 1
1000 0.2 99985 100 27357 ek 1.04516 1
1000 0.2 99985 100 27357 mpm 0.0767539 1
1000 0.2 99985 100 27357 dinic 0.0348537 2
1000 0.2 99985 100 27357 ek 1.21691 2
1000 0.2 99985 100 27357 mpm 0.0741284 2
1000 0.2 99985 100 27357 dinic 0.0276034 3
1000 0.2 99985 100 27357 ek 1.15847 3
1000 0.2 99985 100 27357 mpm 0.0750898 3
1000 0.2 99985 100 27357 dinic 0.0377786 4
1000 0.2 99985 100 27357 ek 1.24284 4
1000 0.2 99985 100 27357 mpm 0.0756197 4
1000 0.2 99985 100 27357 dinic 0.0328461 5
1000 0.2 99985 100 27357 ek 1.21093 5
1000 0.2 99985 100 27357 mpm 0.090295 5
1000 0.2 99985 100 27357 dinic 0.0259634 6
1000 0.2 99985 100 27357 ek 1.06825 6
1000 0.2 99985 100 27357 mpm 0.0686525 6
1000 0.2 99985 100 27357 dinic 0.0259535 7
1000 0.2 99985 100 27357 ek 1.04383 7
1000 0.2 99985 100 27357 mpm 0.0677715 7
1000 0.2 99985 100 27357 dinic 0.0270523 8
1000 0.2 99985 100 27357 ek 1.06272 8
1000 0.2 99985 100 27357 mpm 0.0687008 8
1000 0.2 99985 100 27357 dinic 0.025941 9
1000 0.2 99985 100 27357 ek 1.05669 9
1000 0.2 99985 100 27357 mpm 0.069308 9
1000 0.2 99985 100 27357 dinic 0.0268716 10
1000 0.2 99985 100 27357 ek 1.06908 10
1000 0.2 99985 100 27357 mpm 0.0714986 10
1000 0.5 249513 100 11381 dinic 0.0422865 1
1000 0.5 249513 100 11381 ek 3.78873 1
1000 0.5 249513 100 11381 mpm 0.120925 1
1000 0.5 249513 100 11381 dinic 0.0467445 2
1000 0.5 249513 100 11381 ek 3.86531 2
1000 0.5 249513 100 11381 mpm 0.120335 2
1000 0.5 249513 100 11381 dinic 0.0423242 3
1000 0.5 249513 100 11381 ek 3.73379 3
1000 0.5 249513 100 11381 mpm 0.12192 3
1000 0.5 249513 100 11381 dinic 0.0386456 4
1000 0.5 249513 100 11381 ek 3.7645 4
1000 0.5 249513 100 11381 mpm 0.120059 4
1000 0.5 249513 100 11381 dinic 0.0384458 5
1000 0.5 249513 100 11381 ek 3.9794 5
1000 0.5 249513 100 11381 mpm 0.117938 5
1000 0.5 249513 100 11381 dinic 0.0408951 6
1000 0.5 249513 100 11381 ek 3.59847 6
1000 0.5 249513 100 11381 mpm 0.118206 6
1000 0.5 249513 100 11381 dinic 0.0384065 7
1000 0.5 249513 100 11381 ek 3.62494 7
1000 0.5 249513 100 11381 mpm 0.117602 7
1000 0.5 249513 100 11381 dinic 0.0393448 8
1000 0.5 249513 100 11381 ek 3.63208 8
1000 0.5 249513 100 11381 mpm 0.117646 8
1000 0.5 249513 100 11381 dinic 0.0384816 9
1000 0.5 249513 100 11381 ek 3.6343 9
1000 0.5 249513 100 11381 mpm 0.125524 9
1000 0.5 249513 100 11381 dinic 0.0386722 10
1000 0.5 249513 100 11381 ek 3.58223 10
1000 0.5 249513 100 11381 mpm 0.11742 10
1000 1.0 499500 100 28178 dinic 0.0318017 1
1000 1.0 499500 100 28178 ek 24.4614 1
1000 1.0 499500 100 28178 mpm 0.221093 1
1000 1.0 499500 100 28178 dinic 0.0320513 2
1000 1.0 499500 100 28178 ek 24.7217 2
1000 1.0 499500 100 28178 mpm 0.22458 2
1000 1.0 499500 100 28178 dinic 0.0344564 3
1000 1.0 499500 100 28178 ek 24.3472 3
1000 1.0 499500 100 28178 mpm 0.221466 3
1000 1.0 499500 100 28178 dinic 0.0317808 4
1000 1.0 499500 100 28178 ek 24.2182 4
1000 1.0 499500 100 28178 mpm 0.234478 4
1000 1.0 499500 100 28178 dinic 0.0340403 5
1000 1.0 499500 100 28178 ek 24.4654 5
1000 1.0 499500 100 28178 mpm 0.234177 5
1000 1.0 499500 100 28178 dinic 0.032467 6
1000 1.0 499500 100 28178 ek 24.5517 6
1000 1.0 499500 100 28178 mpm 0.210844 6
1000 1.0 499500 100 28178 dinic 0.0334676 7
1000 1.0 499500 100 28178 ek 24.8085 7
1000 1.0 499500 100 28178 mpm 0.216938 7
1000 1.0 499500 100 28178 dinic 0.0316659 8
1000 1.0 499500 100 28178 ek 25.0759 8
1000 1.0 499500 100 28178 mpm 0.23693 8
1000 1.0 499500 100 28178 dinic 0.0317914 9
1000 1.0 499500 100 28178 ek 24.5642 9
1000 1.0 499500 100 28178 mpm 0.244205 9
1000 1.0 499500 100 28178 dinic 0.037574 10
1000 1.0 499500 100 28178 ek 24.8332 10
1000 1.0 499500 100 28178 mpm 0.218823 10
