num_verts prob_arc num_arcs max_cap seed algo time
1000 0.2 99985 100 27357 dinic 0.0273678
1000 0.2 99985 100 27357 ek 1.02536
1000 0.2 99985 100 27357 mpm 0.0681668
1000 0.2 99985 100 27357 dinic 0.0276362
1000 0.2 99985 100 27357 ek 0.975812
1000 0.2 99985 100 27357 mpm 0.068585
1000 0.2 99985 100 27357 dinic 0.026971
1000 0.2 99985 100 27357 ek 0.978825
1000 0.2 99985 100 27357 mpm 0.0713534
1000 0.2 99985 100 27357 dinic 0.0294472
1000 0.2 99985 100 27357 ek 0.981908
1000 0.2 99985 100 27357 mpm 0.0679362
1000 0.2 99985 100 27357 dinic 0.0266688
1000 0.2 99985 100 27357 ek 0.989156
1000 0.2 99985 100 27357 mpm 0.066699
1000 0.2 99985 100 27357 dinic 0.0263017
1000 0.2 99985 100 27357 ek 0.983837
1000 0.2 99985 100 27357 mpm 0.0671556
1000 0.2 99985 100 27357 dinic 0.0257489
1000 0.2 99985 100 27357 ek 0.987777
1000 0.2 99985 100 27357 mpm 0.0677513
1000 0.2 99985 100 27357 dinic 0.0273389
1000 0.2 99985 100 27357 ek 0.98428
1000 0.2 99985 100 27357 mpm 0.0671006
1000 0.2 99985 100 27357 dinic 0.0261134
1000 0.2 99985 100 27357 ek 0.988954
1000 0.2 99985 100 27357 mpm 0.0672853
1000 0.2 99985 100 27357 dinic 0.0264774
1000 0.2 99985 100 27357 ek 1.00239
1000 0.2 99985 100 27357 mpm 0.0674082
1000 1.0 499500 100 27357 dinic 0.0565957
1000 1.0 499500 100 27357 ek 26.5754
1000 1.0 499500 100 27357 mpm 0.202135
1000 1.0 499500 100 27357 dinic 0.056948
1000 1.0 499500 100 27357 ek 25.9072
1000 1.0 499500 100 27357 mpm 0.203216
1000 1.0 499500 100 27357 dinic 0.057018
1000 1.0 499500 100 27357 ek 25.8376
1000 1.0 499500 100 27357 mpm 0.203605
1000 1.0 499500 100 27357 dinic 0.059305
1000 1.0 499500 100 27357 ek 26.1496
1000 1.0 499500 100 27357 mpm 0.201502
1000 1.0 499500 100 27357 dinic 0.0569353
1000 1.0 499500 100 27357 ek 25.9092
1000 1.0 499500 100 27357 mpm 0.201644
1000 1.0 499500 100 27357 dinic 0.0566633
1000 1.0 499500 100 27357 ek 25.731
1000 1.0 499500 100 27357 mpm 0.205401
1000 1.0 499500 100 27357 dinic 0.0568232
1000 1.0 499500 100 27357 ek 26.2133
1000 1.0 499500 100 27357 mpm 0.202515
1000 1.0 499500 100 27357 dinic 0.0568271
1000 1.0 499500 100 27357 ek 26.0445
1000 1.0 499500 100 27357 mpm 0.217008
1000 1.0 499500 100 27357 dinic 0.0571401
1000 1.0 499500 100 27357 ek 25.8306
1000 1.0 499500 100 27357 mpm 0.213726
1000 1.0 499500 100 27357 dinic 0.0568465
1000 1.0 499500 100 27357 ek 25.6779
1000 1.0 499500 100 27357 mpm 0.226663
2000 0.2 399107 100 27357 dinic 0.230473
2000 0.2 399107 100 27357 ek 11.742
2000 0.2 399107 100 27357 mpm 0.427234
2000 0.2 399107 100 27357 dinic 0.227511
2000 0.2 399107 100 27357 ek 11.5949
2000 0.2 399107 100 27357 mpm 0.420842
2000 0.2 399107 100 27357 dinic 0.229216
2000 0.2 399107 100 27357 ek 11.7154
2000 0.2 399107 100 27357 mpm 0.419273
2000 0.2 399107 100 27357 dinic 0.228678
2000 0.2 399107 100 27357 ek 12.1916
2000 0.2 399107 100 27357 mpm 0.414466
2000 0.2 399107 100 27357 dinic 0.235471
2000 0.2 399107 100 27357 ek 13.9876
2000 0.2 399107 100 27357 mpm 0.457382
2000 0.2 399107 100 27357 dinic 0.25737
2000 0.2 399107 100 27357 ek 13.9345
2000 0.2 399107 100 27357 mpm 0.446234
2000 0.2 399107 100 27357 dinic 0.251609
2000 0.2 399107 100 27357 ek 13.3314
2000 0.2 399107 100 27357 mpm 0.432794
2000 0.2 399107 100 27357 dinic 0.229732
2000 0.2 399107 100 27357 ek 12.9491
2000 0.2 399107 100 27357 mpm 0.415216
2000 0.2 399107 100 27357 dinic 0.228436
2000 0.2 399107 100 27357 ek 11.6693
2000 0.2 399107 100 27357 mpm 0.44343
2000 0.2 399107 100 27357 dinic 0.235764
2000 0.2 399107 100 27357 ek 11.7229
2000 0.2 399107 100 27357 mpm 0.413752
2000 1.0 1999000 100 27357 dinic 0.309609
2000 1.0 1999000 100 27357 ek 210.475
2000 1.0 1999000 100 27357 mpm 2.32589
2000 1.0 1999000 100 27357 dinic 0.302702
2000 1.0 1999000 100 27357 ek 210.113
2000 1.0 1999000 100 27357 mpm 2.29691
2000 1.0 1999000 100 27357 dinic 0.301855
2000 1.0 1999000 100 27357 ek 209.142
2000 1.0 1999000 100 27357 mpm 2.29204
2000 1.0 1999000 100 27357 dinic 0.304277
2000 1.0 1999000 100 27357 ek 210.167
2000 1.0 1999000 100 27357 mpm 2.32595
2000 1.0 1999000 100 27357 dinic 0.305578
2000 1.0 1999000 100 27357 ek 208.804
2000 1.0 1999000 100 27357 mpm 2.28208
2000 1.0 1999000 100 27357 dinic 0.303838
2000 1.0 1999000 100 27357 ek 211.746
2000 1.0 1999000 100 27357 mpm 2.25962
2000 1.0 1999000 100 27357 dinic 0.302786
2000 1.0 1999000 100 27357 ek 211.907
2000 1.0 1999000 100 27357 mpm 2.25741
2000 1.0 1999000 100 27357 dinic 0.301839
2000 1.0 1999000 100 27357 ek 209.886
2000 1.0 1999000 100 27357 mpm 2.28533
2000 1.0 1999000 100 27357 dinic 0.304637
2000 1.0 1999000 100 27357 ek 375.932
2000 1.0 1999000 100 27357 mpm 2.36877
2000 1.0 1999000 100 27357 dinic 0.306596
2000 1.0 1999000 100 27357 ek 214.25
2000 1.0 1999000 100 27357 mpm 2.26307
500 0.2 25019 100 27357 dinic 0.0018244
500 0.2 25019 100 27357 ek 0.0206294
500 0.2 25019 100 27357 mpm 0.00619389
500 0.2 25019 100 27357 dinic 0.00181238
500 0.2 25019 100 27357 ek 0.0215778
500 0.2 25019 100 27357 mpm 0.00643739
500 0.2 25019 100 27357 dinic 0.00181133
500 0.2 25019 100 27357 ek 0.0218385
500 0.2 25019 100 27357 mpm 0.00616428
500 0.2 25019 100 27357 dinic 0.0019556
500 0.2 25019 100 27357 ek 0.02141
500 0.2 25019 100 27357 mpm 0.00629032
500 0.2 25019 100 27357 dinic 0.00184012
500 0.2 25019 100 27357 ek 0.0215177
500 0.2 25019 100 27357 mpm 0.00614282
500 0.2 25019 100 27357 dinic 0.00184852
500 0.2 25019 100 27357 ek 0.0219254
500 0.2 25019 100 27357 mpm 0.00618735
500 0.2 25019 100 27357 dinic 0.00207428
500 0.2 25019 100 27357 ek 0.0216571
500 0.2 25019 100 27357 mpm 0.00618629
500 0.2 25019 100 27357 dinic 0.00177329
500 0.2 25019 100 27357 ek 0.0222692
500 0.2 25019 100 27357 mpm 0.0061427
500 0.2 25019 100 27357 dinic 0.00214314
500 0.2 25019 100 27357 ek 0.0211461
500 0.2 25019 100 27357 mpm 0.00621535
500 0.2 25019 100 27357 dinic 0.00180192
500 0.2 25019 100 27357 ek 0.0215673
500 0.2 25019 100 27357 mpm 0.00615288
500 1.0 124750 100 27357 dinic 0.00381448
500 1.0 124750 100 27357 ek 0.967518
500 1.0 124750 100 27357 mpm 0.0297083
500 1.0 124750 100 27357 dinic 0.00391405
500 1.0 124750 100 27357 ek 0.983698
500 1.0 124750 100 27357 mpm 0.0303767
500 1.0 124750 100 27357 dinic 0.00385391
500 1.0 124750 100 27357 ek 0.986556
500 1.0 124750 100 27357 mpm 0.0345502
500 1.0 124750 100 27357 dinic 0.00661126
500 1.0 124750 100 27357 ek 0.911369
500 1.0 124750 100 27357 mpm 0.0351436
500 1.0 124750 100 27357 dinic 0.00721395
500 1.0 124750 100 27357 ek 0.92572
500 1.0 124750 100 27357 mpm 0.0360493
500 1.0 124750 100 27357 dinic 0.00483491
500 1.0 124750 100 27357 ek 0.935455
500 1.0 124750 100 27357 mpm 0.0379846
500 1.0 124750 100 27357 dinic 0.00407364
500 1.0 124750 100 27357 ek 1.06704
500 1.0 124750 100 27357 mpm 0.0306544
500 1.0 124750 100 27357 dinic 0.00403409
500 1.0 124750 100 27357 ek 0.988474
500 1.0 124750 100 27357 mpm 0.0303505
500 1.0 124750 100 27357 dinic 0.00426635
500 1.0 124750 100 27357 ek 1.06765
500 1.0 124750 100 27357 mpm 0.0305233
500 1.0 124750 100 27357 dinic 0.00408387
500 1.0 124750 100 27357 ek 0.974485
500 1.0 124750 100 27357 mpm 0.0294814
