num_verts prob_arc num_arcs max_cap seed algo time
1000 0.2 99985 100 27357 dinic 0.0283017
1000 0.2 99985 100 27357 ek 1.00345
1000 0.2 99985 100 27357 mpm 0.067162
1000 0.2 99985 100 27357 dinic 0.0255678
1000 0.2 99985 100 27357 ek 0.997409
1000 0.2 99985 100 27357 mpm 0.0678357
1000 0.2 99985 100 27357 dinic 0.0268745
1000 0.2 99985 100 27357 ek 0.971194
1000 0.2 99985 100 27357 mpm 0.0666535
1000 0.2 99985 100 27357 dinic 0.0335555
1000 0.2 99985 100 27357 ek 1.00036
1000 0.2 99985 100 27357 mpm 0.0680866
1000 0.2 99985 100 27357 dinic 0.0277844
1000 0.2 99985 100 27357 ek 0.976345
1000 0.2 99985 100 27357 mpm 0.0727323
1000 0.2 99985 100 27357 dinic 0.0328453
1000 0.2 99985 100 27357 ek 1.21371
1000 0.2 99985 100 27357 mpm 0.0814375
1000 0.2 99985 100 27357 dinic 0.0380651
1000 0.2 99985 100 27357 ek 1.07971
1000 0.2 99985 100 27357 mpm 0.0668388
1000 0.2 99985 100 27357 dinic 0.0269813
1000 0.2 99985 100 27357 ek 0.98906
1000 0.2 99985 100 27357 mpm 0.067107
1000 0.2 99985 100 27357 dinic 0.0269705
1000 0.2 99985 100 27357 ek 0.982139
1000 0.2 99985 100 27357 mpm 0.0841311
1000 0.2 99985 100 27357 dinic 0.026796
1000 0.2 99985 100 27357 ek 0.989807
1000 0.2 99985 100 27357 mpm 0.0667748
1000 0.5 249513 100 11381 dinic 0.0376488
1000 0.5 249513 100 11381 ek 3.58493
1000 0.5 249513 100 11381 mpm 0.116652
1000 0.5 249513 100 11381 dinic 0.0390659
1000 0.5 249513 100 11381 ek 3.75252
1000 0.5 249513 100 11381 mpm 0.116862
1000 0.5 249513 100 11381 dinic 0.0387732
1000 0.5 249513 100 11381 ek 3.68494
1000 0.5 249513 100 11381 mpm 0.116309
1000 0.5 249513 100 11381 dinic 0.0381621
1000 0.5 249513 100 11381 ek 3.55313
1000 0.5 249513 100 11381 mpm 0.119869
1000 0.5 249513 100 11381 dinic 0.0387083
1000 0.5 249513 100 11381 ek 3.65945
1000 0.5 249513 100 11381 mpm 0.120006
1000 0.5 249513 100 11381 dinic 0.0381185
1000 0.5 249513 100 11381 ek 3.49628
1000 0.5 249513 100 11381 mpm 0.117211
1000 0.5 249513 100 11381 dinic 0.0380987
1000 0.5 249513 100 11381 ek 3.41446
1000 0.5 249513 100 11381 mpm 0.117203
1000 0.5 249513 100 11381 dinic 0.0460703
1000 0.5 249513 100 11381 ek 4.12913
1000 0.5 249513 100 11381 mpm 0.125949
1000 0.5 249513 100 11381 dinic 0.0379216
1000 0.5 249513 100 11381 ek 3.48496
1000 0.5 249513 100 11381 mpm 0.116424
1000 0.5 249513 100 11381 dinic 0.0380121
1000 0.5 249513 100 11381 ek 3.46028
1000 0.5 249513 100 11381 mpm 0.120205
1000 1.0 499500 100 28178 dinic 0.0311724
1000 1.0 499500 100 28178 ek 23.4263
1000 1.0 499500 100 28178 mpm 0.210964
1000 1.0 499500 100 28178 dinic 0.0310523
1000 1.0 499500 100 28178 ek 23.6407
1000 1.0 499500 100 28178 mpm 0.207496
1000 1.0 499500 100 28178 dinic 0.0310308
1000 1.0 499500 100 28178 ek 23.6405
1000 1.0 499500 100 28178 mpm 0.206574
1000 1.0 499500 100 28178 dinic 0.0311633
1000 1.0 499500 100 28178 ek 23.6684
1000 1.0 499500 100 28178 mpm 0.21012
1000 1.0 499500 100 28178 dinic 0.0309285
1000 1.0 499500 100 28178 ek 23.5925
1000 1.0 499500 100 28178 mpm 0.206891
1000 1.0 499500 100 28178 dinic 0.0309075
1000 1.0 499500 100 28178 ek 23.6432
1000 1.0 499500 100 28178 mpm 0.207692
1000 1.0 499500 100 28178 dinic 0.0315271
1000 1.0 499500 100 28178 ek 23.5027
1000 1.0 499500 100 28178 mpm 0.206431
1000 1.0 499500 100 28178 dinic 0.0311352
1000 1.0 499500 100 28178 ek 23.575
1000 1.0 499500 100 28178 mpm 0.20908
1000 1.0 499500 100 28178 dinic 0.0308856
1000 1.0 499500 100 28178 ek 23.6116
1000 1.0 499500 100 28178 mpm 0.205072
1000 1.0 499500 100 28178 dinic 0.0310456
1000 1.0 499500 100 28178 ek 23.5981
1000 1.0 499500 100 28178 mpm 0.209846
