num_verts prob_arc num_arcs max_cap seed algo time
1000 100 499500 100 24000 dinic 0.0275058
1000 100 499500 100 24000 ek 19.3136
1000 100 499500 100 24000 mpm 0.212635
1000 100 499500 100 24000 dinic 0.0277591
1000 100 499500 100 24000 ek 19.644
1000 100 499500 100 24000 mpm 0.209509
1000 100 499500 100 24000 dinic 0.0277084
1000 100 499500 100 24000 ek 19.5549
1000 100 499500 100 24000 mpm 0.208999
1000 100 499500 100 24000 dinic 0.0280683
1000 100 499500 100 24000 ek 19.2585
1000 100 499500 100 24000 mpm 0.20671
1000 100 499500 100 24000 dinic 0.027672
1000 100 499500 100 24000 ek 19.4259
1000 100 499500 100 24000 mpm 0.207985
1000 100 499500 100 24000 dinic 0.0280948
1000 100 499500 100 24000 ek 19.4207
1000 100 499500 100 24000 mpm 0.208806
1000 100 499500 100 24000 dinic 0.0276469
1000 100 499500 100 24000 ek 19.2846
1000 100 499500 100 24000 mpm 0.209419
1000 100 499500 100 24000 dinic 0.0279109
1000 100 499500 100 24000 ek 19.5848
1000 100 499500 100 24000 mpm 0.211146
1000 100 499500 100 24000 dinic 0.027647
1000 100 499500 100 24000 ek 20.3781
1000 100 499500 100 24000 mpm 0.251393
1000 100 499500 100 24000 dinic 0.0285182
1000 100 499500 100 24000 ek 20.1736
1000 100 499500 100 24000 mpm 0.209112
1000 100 499500 10 27357 dinic 0.0363926
1000 100 499500 10 27357 ek 16.828
1000 100 499500 10 27357 mpm 0.166417
1000 100 499500 10 27357 dinic 0.0355702
1000 100 499500 10 27357 ek 16.5185
1000 100 499500 10 27357 mpm 0.164918
1000 100 499500 10 27357 dinic 0.0354076
1000 100 499500 10 27357 ek 16.8232
1000 100 499500 10 27357 mpm 0.165384
1000 100 499500 10 27357 dinic 0.0357034
1000 100 499500 10 27357 ek 16.7328
1000 100 499500 10 27357 mpm 0.166022
1000 100 499500 10 27357 dinic 0.0367845
1000 100 499500 10 27357 ek 16.6117
1000 100 499500 10 27357 mpm 0.170358
1000 100 499500 10 27357 dinic 0.0359645
1000 100 499500 10 27357 ek 16.6797
1000 100 499500 10 27357 mpm 0.166191
1000 100 499500 10 27357 dinic 0.0353858
1000 100 499500 10 27357 ek 16.5662
1000 100 499500 10 27357 mpm 0.163922
1000 100 499500 10 27357 dinic 0.0352897
1000 100 499500 10 27357 ek 16.5005
1000 100 499500 10 27357 mpm 0.165671
1000 100 499500 10 27357 dinic 0.0391735
1000 100 499500 10 27357 ek 16.6378
1000 100 499500 10 27357 mpm 0.165309
1000 100 499500 10 27357 dinic 0.035424
1000 100 499500 10 27357 ek 16.825
1000 100 499500 10 27357 mpm 0.165018
