num_verts prob_arc num_arcs max_cap seed algo time
1000 0.2 99985 100 27357 dinic 0.0270126
1000 0.2 99985 100 27357 ek 1.00045
1000 0.2 99985 100 27357 mpm 0.0676471
1000 0.2 99985 100 27357 dinic 0.0254447
1000 0.2 99985 100 27357 ek 0.980001
1000 0.2 99985 100 27357 mpm 0.06719
1000 0.2 99985 100 27357 dinic 0.0264846
1000 0.2 99985 100 27357 ek 0.981242
1000 0.2 99985 100 27357 mpm 0.066973
1000 0.2 99985 100 27357 dinic 0.0257945
1000 0.2 99985 100 27357 ek 0.986729
1000 0.2 99985 100 27357 mpm 0.0673336
1000 0.2 99985 100 27357 dinic 0.0271162
1000 0.2 99985 100 27357 ek 0.998852
1000 0.2 99985 100 27357 mpm 0.0669423
1000 0.2 99985 100 27357 dinic 0.025963
1000 0.2 99985 100 27357 ek 0.973602
1000 0.2 99985 100 27357 mpm 0.0711588
1000 0.2 99985 100 27357 dinic 0.0390898
1000 0.2 99985 100 27357 ek 0.964055
1000 0.2 99985 100 27357 mpm 0.0714011
1000 0.2 99985 100 27357 dinic 0.0260497
1000 0.2 99985 100 27357 ek 0.975718
1000 0.2 99985 100 27357 mpm 0.0668472
1000 0.2 99985 100 27357 dinic 0.0260182
1000 0.2 99985 100 27357 ek 0.992536
1000 0.2 99985 100 27357 mpm 0.0677025
1000 0.2 99985 100 27357 dinic 0.0271018
1000 0.2 99985 100 27357 ek 1.00313
1000 0.2 99985 100 27357 mpm 0.0671848
1000 0.5 249178 100 27357 dinic 0.0348015
1000 0.5 249178 100 27357 ek 4.72223
1000 0.5 249178 100 27357 mpm 0.085033
1000 0.5 249178 100 27357 dinic 0.0357033
1000 0.5 249178 100 27357 ek 4.82104
1000 0.5 249178 100 27357 mpm 0.0849211
1000 0.5 249178 100 27357 dinic 0.0356335
1000 0.5 249178 100 27357 ek 4.69668
1000 0.5 249178 100 27357 mpm 0.0846998
1000 0.5 249178 100 27357 dinic 0.0354748
1000 0.5 249178 100 27357 ek 4.72249
1000 0.5 249178 100 27357 mpm 0.0849543
1000 0.5 249178 100 27357 dinic 0.0352815
1000 0.5 249178 100 27357 ek 4.78889
1000 0.5 249178 100 27357 mpm 0.0841333
1000 0.5 249178 100 27357 dinic 0.0349063
1000 0.5 249178 100 27357 ek 4.65923
1000 0.5 249178 100 27357 mpm 0.0852585
1000 0.5 249178 100 27357 dinic 0.034992
1000 0.5 249178 100 27357 ek 4.74467
1000 0.5 249178 100 27357 mpm 0.086186
1000 0.5 249178 100 27357 dinic 0.0350713
1000 0.5 249178 100 27357 ek 4.66559
1000 0.5 249178 100 27357 mpm 0.0843555
1000 0.5 249178 100 27357 dinic 0.0349587
1000 0.5 249178 100 27357 ek 4.69759
1000 0.5 249178 100 27357 mpm 0.0851302
1000 0.5 249178 100 27357 dinic 0.0353973
1000 0.5 249178 100 27357 ek 4.80665
1000 0.5 249178 100 27357 mpm 0.0857865
1000 1.0 499500 100 27357 dinic 0.0568723
1000 1.0 499500 100 27357 ek 25.9528
1000 1.0 499500 100 27357 mpm 0.204211
1000 1.0 499500 100 27357 dinic 0.0571716
1000 1.0 499500 100 27357 ek 26.1946
1000 1.0 499500 100 27357 mpm 0.223938
1000 1.0 499500 100 27357 dinic 0.0571016
1000 1.0 499500 100 27357 ek 26.4418
1000 1.0 499500 100 27357 mpm 0.202662
1000 1.0 499500 100 27357 dinic 0.0573475
1000 1.0 499500 100 27357 ek 25.6822
1000 1.0 499500 100 27357 mpm 0.200856
1000 1.0 499500 100 27357 dinic 0.0567835
1000 1.0 499500 100 27357 ek 26.2521
1000 1.0 499500 100 27357 mpm 0.217693
1000 1.0 499500 100 27357 dinic 0.0571039
1000 1.0 499500 100 27357 ek 26.2118
1000 1.0 499500 100 27357 mpm 0.203849
1000 1.0 499500 100 27357 dinic 0.0571285
1000 1.0 499500 100 27357 ek 26.3608
1000 1.0 499500 100 27357 mpm 0.206645
1000 1.0 499500 100 27357 dinic 0.0585208
1000 1.0 499500 100 27357 ek 26.1941
1000 1.0 499500 100 27357 mpm 0.201761
1000 1.0 499500 100 27357 dinic 0.0570556
1000 1.0 499500 100 27357 ek 26.4791
1000 1.0 499500 100 27357 mpm 0.253273
1000 1.0 499500 100 27357 dinic 0.0662295
1000 1.0 499500 100 27357 ek 26.4285
1000 1.0 499500 100 27357 mpm 0.201167
