num_verts prob_arc num_arcs max_cap seed algo time
1000 0.2 100141 100 11381 dinic 0.0140891
1000 0.2 100141 100 11381 ek 0.500591
1000 0.2 100141 100 11381 mpm 0.042795
1000 0.2 100141 100 11381 dinic 0.016095
1000 0.2 100141 100 11381 ek 0.52062
1000 0.2 100141 100 11381 mpm 0.038337
1000 0.2 100141 100 11381 dinic 0.0152966
1000 0.2 100141 100 11381 ek 0.523597
1000 0.2 100141 100 11381 mpm 0.0382603
1000 0.2 100141 100 11381 dinic 0.0152154
1000 0.2 100141 100 11381 ek 0.495835
1000 0.2 100141 100 11381 mpm 0.0381271
1000 0.2 100141 100 11381 dinic 0.0155085
1000 0.2 100141 100 11381 ek 0.523682
1000 0.2 100141 100 11381 mpm 0.0385332
1000 0.2 100141 100 11381 dinic 0.016339
1000 0.2 100141 100 11381 ek 0.500155
1000 0.2 100141 100 11381 mpm 0.0384836
1000 0.2 100141 100 11381 dinic 0.0183397
1000 0.2 100141 100 11381 ek 0.501867
1000 0.2 100141 100 11381 mpm 0.0388314
1000 0.2 100141 100 11381 dinic 0.0151172
1000 0.2 100141 100 11381 ek 0.536149
1000 0.2 100141 100 11381 mpm 0.0400809
1000 0.2 100141 100 11381 dinic 0.015861
1000 0.2 100141 100 11381 ek 0.502738
1000 0.2 100141 100 11381 mpm 0.0376841
1000 0.2 100141 100 11381 dinic 0.0153778
1000 0.2 100141 100 11381 ek 0.510439
1000 0.2 100141 100 11381 mpm 0.0403071
1000 1.0 499500 100 9722 dinic 0.036009
1000 1.0 499500 100 9722 ek 20.6468
1000 1.0 499500 100 9722 mpm 0.237797
1000 1.0 499500 100 9722 dinic 0.0361548
1000 1.0 499500 100 9722 ek 21.5752
1000 1.0 499500 100 9722 mpm 0.285377
1000 1.0 499500 100 9722 dinic 0.0408481
1000 1.0 499500 100 9722 ek 22.1377
1000 1.0 499500 100 9722 mpm 0.250885
1000 1.0 499500 100 9722 dinic 0.0368826
1000 1.0 499500 100 9722 ek 21.3111
1000 1.0 499500 100 9722 mpm 0.243558
1000 1.0 499500 100 9722 dinic 0.0362197
1000 1.0 499500 100 9722 ek 21.4047
1000 1.0 499500 100 9722 mpm 0.241739
1000 1.0 499500 100 9722 dinic 0.0398718
1000 1.0 499500 100 9722 ek 21.6911
1000 1.0 499500 100 9722 mpm 0.244477
1000 1.0 499500 100 9722 dinic 0.0364014
1000 1.0 499500 100 9722 ek 20.5453
1000 1.0 499500 100 9722 mpm 0.249219
1000 1.0 499500 100 9722 dinic 0.036621
1000 1.0 499500 100 9722 ek 20.5783
1000 1.0 499500 100 9722 mpm 0.239899
1000 1.0 499500 100 9722 dinic 0.0363489
1000 1.0 499500 100 9722 ek 20.6275
1000 1.0 499500 100 9722 mpm 0.235055
1000 1.0 499500 100 9722 dinic 0.0361874
1000 1.0 499500 100 9722 ek 20.6566
1000 1.0 499500 100 9722 mpm 0.236466
2000 0.2 399558 100 28178 dinic 0.182907
2000 0.2 399558 100 28178 ek 8.11719
2000 0.2 399558 100 28178 mpm 0.294394
2000 0.2 399558 100 28178 dinic 0.182549
2000 0.2 399558 100 28178 ek 8.11948
2000 0.2 399558 100 28178 mpm 0.289774
2000 0.2 399558 100 28178 dinic 0.182708
2000 0.2 399558 100 28178 ek 8.15912
2000 0.2 399558 100 28178 mpm 0.297951
2000 0.2 399558 100 28178 dinic 0.182625
2000 0.2 399558 100 28178 ek 8.06983
2000 0.2 399558 100 28178 mpm 0.288752
2000 0.2 399558 100 28178 dinic 0.181901
2000 0.2 399558 100 28178 ek 8.06147
2000 0.2 399558 100 28178 mpm 0.294644
2000 0.2 399558 100 28178 dinic 0.186666
2000 0.2 399558 100 28178 ek 8.05043
2000 0.2 399558 100 28178 mpm 0.288949
2000 0.2 399558 100 28178 dinic 0.181106
2000 0.2 399558 100 28178 ek 8.15852
2000 0.2 399558 100 28178 mpm 0.297839
2000 0.2 399558 100 28178 dinic 0.180899
2000 0.2 399558 100 28178 ek 8.12346
2000 0.2 399558 100 28178 mpm 0.292207
2000 0.2 399558 100 28178 dinic 0.181686
2000 0.2 399558 100 28178 ek 8.0617
2000 0.2 399558 100 28178 mpm 0.300907
2000 0.2 399558 100 28178 dinic 0.181796
2000 0.2 399558 100 28178 ek 8.06959
2000 0.2 399558 100 28178 mpm 0.290115
2000 1.0 1999000 100 28989 dinic 0.16033
2000 1.0 1999000 100 28989 ek 185.221
2000 1.0 1999000 100 28989 mpm 2.14604
2000 1.0 1999000 100 28989 dinic 0.154666
2000 1.0 1999000 100 28989 ek 186.22
2000 1.0 1999000 100 28989 mpm 2.15324
2000 1.0 1999000 100 28989 dinic 0.152297
2000 1.0 1999000 100 28989 ek 190.866
2000 1.0 1999000 100 28989 mpm 2.14629
2000 1.0 1999000 100 28989 dinic 0.150945
2000 1.0 1999000 100 28989 ek 187.872
2000 1.0 1999000 100 28989 mpm 2.12483
2000 1.0 1999000 100 28989 dinic 0.152203
2000 1.0 1999000 100 28989 ek 185.25
2000 1.0 1999000 100 28989 mpm 2.1503
2000 1.0 1999000 100 28989 dinic 0.150953
2000 1.0 1999000 100 28989 ek 186.967
2000 1.0 1999000 100 28989 mpm 2.14319
2000 1.0 1999000 100 28989 dinic 0.161291
2000 1.0 1999000 100 28989 ek 186.304
2000 1.0 1999000 100 28989 mpm 2.14381
2000 1.0 1999000 100 28989 dinic 0.152139
2000 1.0 1999000 100 28989 ek 185.627
2000 1.0 1999000 100 28989 mpm 2.17325
2000 1.0 1999000 100 28989 dinic 0.151764
2000 1.0 1999000 100 28989 ek 185.526
2000 1.0 1999000 100 28989 mpm 2.15908
2000 1.0 1999000 100 28989 dinic 0.151079
2000 1.0 1999000 100 28989 ek 186.115
2000 1.0 1999000 100 28989 mpm 2.13231
500 0.2 25019 100 27357 dinic 0.00182978
500 0.2 25019 100 27357 ek 0.0218617
500 0.2 25019 100 27357 mpm 0.00615366
500 0.2 25019 100 27357 dinic 0.00183704
500 0.2 25019 100 27357 ek 0.0214851
500 0.2 25019 100 27357 mpm 0.0062221
500 0.2 25019 100 27357 dinic 0.00186947
500 0.2 25019 100 27357 ek 0.021604
500 0.2 25019 100 27357 mpm 0.00635048
500 0.2 25019 100 27357 dinic 0.00185039
500 0.2 25019 100 27357 ek 0.0207467
500 0.2 25019 100 27357 mpm 0.00615032
500 0.2 25019 100 27357 dinic 0.00177336
500 0.2 25019 100 27357 ek 0.0204506
500 0.2 25019 100 27357 mpm 0.00612025
500 0.2 25019 100 27357 dinic 0.00180997
500 0.2 25019 100 27357 ek 0.0212155
500 0.2 25019 100 27357 mpm 0.00614572
500 0.2 25019 100 27357 dinic 0.00180817
500 0.2 25019 100 27357 ek 0.0208107
500 0.2 25019 100 27357 mpm 0.00615312
500 0.2 25019 100 27357 dinic 0.00180694
500 0.2 25019 100 27357 ek 0.0206724
500 0.2 25019 100 27357 mpm 0.00614014
500 0.2 25019 100 27357 dinic 0.00177388
500 0.2 25019 100 27357 ek 0.0205578
500 0.2 25019 100 27357 mpm 0.00615535
500 0.2 25019 100 27357 dinic 0.00185313
500 0.2 25019 100 27357 ek 0.0211626
500 0.2 25019 100 27357 mpm 0.00611151
500 1.0 124750 100 24000 dinic 0.00427118
500 1.0 124750 100 24000 ek 1.174
500 1.0 124750 100 24000 mpm 0.0271164
500 1.0 124750 100 24000 dinic 0.00429816
500 1.0 124750 100 24000 ek 1.16845
500 1.0 124750 100 24000 mpm 0.0268164
500 1.0 124750 100 24000 dinic 0.00435655
500 1.0 124750 100 24000 ek 1.18521
500 1.0 124750 100 24000 mpm 0.0268973
500 1.0 124750 100 24000 dinic 0.00435066
500 1.0 124750 100 24000 ek 1.19736
500 1.0 124750 100 24000 mpm 0.0291847
500 1.0 124750 100 24000 dinic 0.00450628
500 1.0 124750 100 24000 ek 1.1954
500 1.0 124750 100 24000 mpm 0.0269742
500 1.0 124750 100 24000 dinic 0.00415368
500 1.0 124750 100 24000 ek 1.19366
500 1.0 124750 100 24000 mpm 0.0272822
500 1.0 124750 100 24000 dinic 0.0043722
500 1.0 124750 100 24000 ek 1.21776
500 1.0 124750 100 24000 mpm 0.0271083
500 1.0 124750 100 24000 dinic 0.00432118
500 1.0 124750 100 24000 ek 1.2259
500 1.0 124750 100 24000 mpm 0.0271033
500 1.0 124750 100 24000 dinic 0.00424215
500 1.0 124750 100 24000 ek 1.18361
500 1.0 124750 100 24000 mpm 0.0271949
500 1.0 124750 100 24000 dinic 0.00454776
500 1.0 124750 100 24000 ek 1.20543
500 1.0 124750 100 24000 mpm 0.0272904
