num_verts prob_arc num_arcs max_cap seed algo time measure
1000 0.2 99985 100 27357 mpm 0.0792977 1
1000 0.2 99985 100 27357 mpm 0.0822002 2
1000 0.2 99985 100 27357 mpm 0.079551 3
1000 0.2 99985 100 27357 mpm 0.0802652 4
1000 0.2 99985 100 27357 mpm 0.0804021 5
1000 0.2 99985 100 27357 mpm 0.0917786 6
1000 0.2 99985 100 27357 mpm 0.0827603 7
1000 0.2 99985 100 27357 mpm 0.0761368 8
1000 0.2 99985 100 27357 mpm 0.088193 9
1000 0.2 99985 100 27357 mpm 0.07758 10
1000 0.5 249513 100 11381 mpm 0.13493 1
1000 0.5 249513 100 11381 mpm 0.157205 2
1000 0.5 249513 100 11381 mpm 0.146325 3
1000 0.5 249513 100 11381 mpm 0.134238 4
1000 0.5 249513 100 11381 mpm 0.135163 5
1000 0.5 249513 100 11381 mpm 0.130848 6
1000 0.5 249513 100 11381 mpm 0.138058 7
1000 0.5 249513 100 11381 mpm 0.131072 8
1000 0.5 249513 100 11381 mpm 0.131388 9
1000 0.5 249513 100 11381 mpm 0.138564 10
1000 1.0 499500 100 28178 mpm 0.249229 1
1000 1.0 499500 100 28178 mpm 0.256581 2
1000 1.0 499500 100 28178 mpm 0.270229 3
1000 1.0 499500 100 28178 mpm 0.252357 4
1000 1.0 499500 100 28178 mpm 0.257007 5
1000 1.0 499500 100 28178 mpm 0.272043 6
1000 1.0 499500 100 28178 mpm 0.261303 7
1000 1.0 499500 100 28178 mpm 0.253243 8
1000 1.0 499500 100 28178 mpm 0.281538 9
1000 1.0 499500 100 28178 mpm 0.254644 10
