num_verts prob_arc num_arcs max_cap seed algo time measure
1000 0.2 100141 100 11381 dinic 0.0157382 1
1000 0.2 100141 100 11381 ek 0.524785 1
1000 0.2 100141 100 11381 mpm 0.0396718 1
1000 0.2 100141 100 11381 dinic 0.0195294 2
1000 0.2 100141 100 11381 ek 0.572484 2
1000 0.2 100141 100 11381 mpm 0.037804 2
1000 0.2 100141 100 11381 dinic 0.015742 3
1000 0.2 100141 100 11381 ek 0.596404 3
1000 0.2 100141 100 11381 mpm 0.0381561 3
1000 0.2 100141 100 11381 dinic 0.015 4
1000 0.2 100141 100 11381 ek 0.664371 4
1000 0.2 100141 100 11381 mpm 0.038474 4
1000 0.2 100141 100 11381 dinic 0.0149254 5
1000 0.2 100141 100 11381 ek 0.567137 5
1000 0.2 100141 100 11381 mpm 0.0484429 5
1000 0.2 100141 100 11381 dinic 0.0180912 6
1000 0.2 100141 100 11381 ek 0.567327 6
1000 0.2 100141 100 11381 mpm 0.0470592 6
1000 0.2 100141 100 11381 dinic 0.0164495 7
1000 0.2 100141 100 11381 ek 0.58522 7
1000 0.2 100141 100 11381 mpm 0.0466151 7
1000 0.2 100141 100 11381 dinic 0.0215462 8
1000 0.2 100141 100 11381 ek 0.591055 8
1000 0.2 100141 100 11381 mpm 0.038778 8
1000 0.2 100141 100 11381 dinic 0.0165018 9
1000 0.2 100141 100 11381 ek 0.598567 9
1000 0.2 100141 100 11381 mpm 0.0382441 9
1000 0.2 100141 100 11381 dinic 0.0153746 10
1000 0.2 100141 100 11381 ek 0.57208 10
1000 0.2 100141 100 11381 mpm 0.0441357 10
1000 1.0 499500 100 9722 dinic 0.0393113 1
1000 1.0 499500 100 9722 ek 21.3715 1
1000 1.0 499500 100 9722 mpm 0.29705 1
1000 1.0 499500 100 9722 dinic 0.0372874 2
1000 1.0 499500 100 9722 ek 21.696 2
1000 1.0 499500 100 9722 mpm 0.247656 2
1000 1.0 499500 100 9722 dinic 0.0373863 3
1000 1.0 499500 100 9722 ek 21.2115 3
1000 1.0 499500 100 9722 mpm 0.248935 3
1000 1.0 499500 100 9722 dinic 0.0371004 4
1000 1.0 499500 100 9722 ek 21.6294 4
1000 1.0 499500 100 9722 mpm 0.272506 4
1000 1.0 499500 100 9722 dinic 0.0366057 5
1000 1.0 499500 100 9722 ek 21.4211 5
1000 1.0 499500 100 9722 mpm 0.282312 5
1000 1.0 499500 100 9722 dinic 0.0380004 6
1000 1.0 499500 100 9722 ek 21.5844 6
1000 1.0 499500 100 9722 mpm 0.26969 6
1000 1.0 499500 100 9722 dinic 0.0393438 7
1000 1.0 499500 100 9722 ek 21.8071 7
1000 1.0 499500 100 9722 mpm 0.262192 7
1000 1.0 499500 100 9722 dinic 0.0408639 8
1000 1.0 499500 100 9722 ek 21.8362 8
1000 1.0 499500 100 9722 mpm 0.247171 8
1000 1.0 499500 100 9722 dinic 0.045212 9
1000 1.0 499500 100 9722 ek 21.6444 9
1000 1.0 499500 100 9722 mpm 0.270554 9
1000 1.0 499500 100 9722 dinic 0.046212 10
1000 1.0 499500 100 9722 ek 21.6076 10
1000 1.0 499500 100 9722 mpm 0.255929 10
2000 0.2 399558 100 28178 dinic 0.18536 1
2000 0.2 399558 100 28178 ek 8.59094 1
2000 0.2 399558 100 28178 mpm 0.296265 1
2000 0.2 399558 100 28178 dinic 0.186333 2
2000 0.2 399558 100 28178 ek 8.73779 2
2000 0.2 399558 100 28178 mpm 0.313927 2
2000 0.2 399558 100 28178 dinic 0.201624 3
2000 0.2 399558 100 28178 ek 9.07671 3
2000 0.2 399558 100 28178 mpm 0.295771 3
2000 0.2 399558 100 28178 dinic 0.187862 4
2000 0.2 399558 100 28178 ek 8.95614 4
2000 0.2 399558 100 28178 mpm 0.300515 4
2000 0.2 399558 100 28178 dinic 0.19352 5
2000 0.2 399558 100 28178 ek 8.73893 5
2000 0.2 399558 100 28178 mpm 0.307374 5
2000 0.2 399558 100 28178 dinic 0.187517 6
2000 0.2 399558 100 28178 ek 9.03458 6
2000 0.2 399558 100 28178 mpm 0.297835 6
2000 0.2 399558 100 28178 dinic 0.185471 7
2000 0.2 399558 100 28178 ek 8.93859 7
2000 0.2 399558 100 28178 mpm 0.297722 7
2000 0.2 399558 100 28178 dinic 0.190093 8
2000 0.2 399558 100 28178 ek 8.91814 8
2000 0.2 399558 100 28178 mpm 0.306231 8
2000 0.2 399558 100 28178 dinic 0.184363 9
2000 0.2 399558 100 28178 ek 8.94564 9
2000 0.2 399558 100 28178 mpm 0.301451 9
2000 0.2 399558 100 28178 dinic 0.191972 10
2000 0.2 399558 100 28178 ek 9.18682 10
2000 0.2 399558 100 28178 mpm 0.30238 10
2000 1.0 1999000 100 28989 dinic 0.155014 1
2000 1.0 1999000 100 28989 ek 192.029 1
2000 1.0 1999000 100 28989 mpm 2.39573 1
2000 1.0 1999000 100 28989 dinic 0.158382 2
2000 1.0 1999000 100 28989 ek 191.175 2
2000 1.0 1999000 100 28989 mpm 2.35917 2
2000 1.0 1999000 100 28989 dinic 0.15339 3
2000 1.0 1999000 100 28989 ek 190.7 3
2000 1.0 1999000 100 28989 mpm 2.50188 3
2000 1.0 1999000 100 28989 dinic 0.155514 4
2000 1.0 1999000 100 28989 ek 190.129 4
2000 1.0 1999000 100 28989 mpm 2.41701 4
2000 1.0 1999000 100 28989 dinic 0.16668 5
2000 1.0 1999000 100 28989 ek 189.269 5
2000 1.0 1999000 100 28989 mpm 2.40069 5
2000 1.0 1999000 100 28989 dinic 0.153805 6
2000 1.0 1999000 100 28989 ek 189.675 6
2000 1.0 1999000 100 28989 mpm 2.28362 6
2000 1.0 1999000 100 28989 dinic 0.152883 7
2000 1.0 1999000 100 28989 ek 190.779 7
2000 1.0 1999000 100 28989 mpm 2.29729 7
2000 1.0 1999000 100 28989 dinic 0.152419 8
2000 1.0 1999000 100 28989 ek 189.883 8
2000 1.0 1999000 100 28989 mpm 2.31824 8
2000 1.0 1999000 100 28989 dinic 0.152513 9
2000 1.0 1999000 100 28989 ek 190.058 9
2000 1.0 1999000 100 28989 mpm 2.39669 9
2000 1.0 1999000 100 28989 dinic 0.15264 10
2000 1.0 1999000 100 28989 ek 192.026 10
2000 1.0 1999000 100 28989 mpm 2.39288 10
500 0.2 25019 100 27357 dinic 0.00190174 1
500 0.2 25019 100 27357 ek 0.021105 1
500 0.2 25019 100 27357 mpm 0.00620888 1
500 0.2 25019 100 27357 dinic 0.0019536 2
500 0.2 25019 100 27357 ek 0.0221983 2
500 0.2 25019 100 27357 mpm 0.00625212 2
500 0.2 25019 100 27357 dinic 0.00178489 3
500 0.2 25019 100 27357 ek 0.0208667 3
500 0.2 25019 100 27357 mpm 0.00651925 3
500 0.2 25019 100 27357 dinic 0.00185832 4
500 0.2 25019 100 27357 ek 0.0213189 4
500 0.2 25019 100 27357 mpm 0.00617465 4
500 0.2 25019 100 27357 dinic 0.00193974 5
500 0.2 25019 100 27357 ek 0.0210627 5
500 0.2 25019 100 27357 mpm 0.006243 5
500 0.2 25019 100 27357 dinic 0.00187477 6
500 0.2 25019 100 27357 ek 0.0226556 6
500 0.2 25019 100 27357 mpm 0.0065165 6
500 0.2 25019 100 27357 dinic 0.00180897 7
500 0.2 25019 100 27357 ek 0.0226425 7
500 0.2 25019 100 27357 mpm 0.00679575 7
500 0.2 25019 100 27357 dinic 0.00187081 8
500 0.2 25019 100 27357 ek 0.0243601 8
500 0.2 25019 100 27357 mpm 0.00636863 8
500 0.2 25019 100 27357 dinic 0.00184284 9
500 0.2 25019 100 27357 ek 0.0219489 9
500 0.2 25019 100 27357 mpm 0.00642568 9
500 0.2 25019 100 27357 dinic 0.00182464 10
500 0.2 25019 100 27357 ek 0.022344 10
500 0.2 25019 100 27357 mpm 0.0062803 10
500 1.0 124750 100 24000 dinic 0.00464635 1
500 1.0 124750 100 24000 ek 1.55433 1
500 1.0 124750 100 24000 mpm 0.0278656 1
500 1.0 124750 100 24000 dinic 0.0047302 2
500 1.0 124750 100 24000 ek 1.41486 2
500 1.0 124750 100 24000 mpm 0.027586 2
500 1.0 124750 100 24000 dinic 0.00636424 3
500 1.0 124750 100 24000 ek 1.56616 3
500 1.0 124750 100 24000 mpm 0.0336623 3
500 1.0 124750 100 24000 dinic 0.00568475 4
500 1.0 124750 100 24000 ek 1.40185 4
500 1.0 124750 100 24000 mpm 0.0276749 4
500 1.0 124750 100 24000 dinic 0.00449797 5
500 1.0 124750 100 24000 ek 1.81947 5
500 1.0 124750 100 24000 mpm 0.0288811 5
500 1.0 124750 100 24000 dinic 0.00442759 6
500 1.0 124750 100 24000 ek 1.64821 6
500 1.0 124750 100 24000 mpm 0.0330836 6
500 1.0 124750 100 24000 dinic 0.00725035 7
500 1.0 124750 100 24000 ek 1.58046 7
500 1.0 124750 100 24000 mpm 0.0361141 7
500 1.0 124750 100 24000 dinic 0.00721862 8
500 1.0 124750 100 24000 ek 1.5984 8
500 1.0 124750 100 24000 mpm 0.030243 8
500 1.0 124750 100 24000 dinic 0.00456682 9
500 1.0 124750 100 24000 ek 1.52622 9
500 1.0 124750 100 24000 mpm 0.0280364 9
500 1.0 124750 100 24000 dinic 0.00455809 10
500 1.0 124750 100 24000 ek 1.72279 10
500 1.0 124750 100 24000 mpm 0.0317232 10
