num_verts prob_arc num_arcs max_cap seed algo time
1000 100 499500 1000 28178 dinic 0.0349818
1000 100 499500 1000 28178 ek 24.5204
1000 100 499500 1000 28178 mpm 0.22088
1000 100 499500 1000 28178 dinic 0.0314789
1000 100 499500 1000 28178 ek 23.9624
1000 100 499500 1000 28178 mpm 0.227563
1000 100 499500 1000 28178 dinic 0.0323534
1000 100 499500 1000 28178 ek 23.8778
1000 100 499500 1000 28178 mpm 0.241656
1000 100 499500 1000 28178 dinic 0.0311761
1000 100 499500 1000 28178 ek 23.7967
1000 100 499500 1000 28178 mpm 0.230128
1000 100 499500 1000 28178 dinic 0.0321463
1000 100 499500 1000 28178 ek 24.3935
1000 100 499500 1000 28178 mpm 0.2905
1000 100 499500 1000 28178 dinic 0.0347574
1000 100 499500 1000 28178 ek 24.2791
1000 100 499500 1000 28178 mpm 0.217302
1000 100 499500 1000 28178 dinic 0.0329676
1000 100 499500 1000 28178 ek 23.9681
1000 100 499500 1000 28178 mpm 0.252759
1000 100 499500 1000 28178 dinic 0.0328601
1000 100 499500 1000 28178 ek 24.677
1000 100 499500 1000 28178 mpm 0.253237
1000 100 499500 1000 28178 dinic 0.0338257
1000 100 499500 1000 28178 ek 24.0602
1000 100 499500 1000 28178 mpm 0.22167
1000 100 499500 1000 28178 dinic 0.031035
1000 100 499500 1000 28178 ek 23.4024
1000 100 499500 1000 28178 mpm 0.248459
1000 100 499500 10 27357 dinic 0.0351824
1000 100 499500 10 27357 ek 17.0256
1000 100 499500 10 27357 mpm 0.166191
1000 100 499500 10 27357 dinic 0.0352817
1000 100 499500 10 27357 ek 16.8136
1000 100 499500 10 27357 mpm 0.18979
1000 100 499500 10 27357 dinic 0.0370447
1000 100 499500 10 27357 ek 17.1485
1000 100 499500 10 27357 mpm 0.172868
1000 100 499500 10 27357 dinic 0.0351775
1000 100 499500 10 27357 ek 17.4562
1000 100 499500 10 27357 mpm 0.167305
1000 100 499500 10 27357 dinic 0.0354593
1000 100 499500 10 27357 ek 17.5423
1000 100 499500 10 27357 mpm 0.18711
1000 100 499500 10 27357 dinic 0.0354575
1000 100 499500 10 27357 ek 17.0673
1000 100 499500 10 27357 mpm 0.185883
1000 100 499500 10 27357 dinic 0.0353126
1000 100 499500 10 27357 ek 17.294
1000 100 499500 10 27357 mpm 0.169417
1000 100 499500 10 27357 dinic 0.0396762
1000 100 499500 10 27357 ek 17.1106
1000 100 499500 10 27357 mpm 0.166235
1000 100 499500 10 27357 dinic 0.0351641
1000 100 499500 10 27357 ek 17.3278
1000 100 499500 10 27357 mpm 0.174495
1000 100 499500 10 27357 dinic 0.036567
1000 100 499500 10 27357 ek 17.3407
1000 100 499500 10 27357 mpm 0.164936
1000 100 499500 500 11381 dinic 0.0483337
1000 100 499500 500 11381 ek 26.075
1000 100 499500 500 11381 mpm 0.208742
1000 100 499500 500 11381 dinic 0.0484284
1000 100 499500 500 11381 ek 25.2551
1000 100 499500 500 11381 mpm 0.207977
1000 100 499500 500 11381 dinic 0.0484199
1000 100 499500 500 11381 ek 25.3453
1000 100 499500 500 11381 mpm 0.220981
1000 100 499500 500 11381 dinic 0.0510567
1000 100 499500 500 11381 ek 25.9861
1000 100 499500 500 11381 mpm 0.210931
1000 100 499500 500 11381 dinic 0.0510124
1000 100 499500 500 11381 ek 25.6422
1000 100 499500 500 11381 mpm 0.230369
1000 100 499500 500 11381 dinic 0.0480954
1000 100 499500 500 11381 ek 25.0498
1000 100 499500 500 11381 mpm 0.205759
1000 100 499500 500 11381 dinic 0.0485755
1000 100 499500 500 11381 ek 25.3266
1000 100 499500 500 11381 mpm 0.218383
1000 100 499500 500 11381 dinic 0.0481873
1000 100 499500 500 11381 ek 25.2922
1000 100 499500 500 11381 mpm 0.219423
1000 100 499500 500 11381 dinic 0.0493936
1000 100 499500 500 11381 ek 25.4133
1000 100 499500 500 11381 mpm 0.213358
1000 100 499500 500 11381 dinic 0.0483446
1000 100 499500 500 11381 ek 25.9634
1000 100 499500 500 11381 mpm 0.225072
