num_verts prob_arc num_arcs max_cap seed dinic1 ek1 mpm1
500 1.0 124750 10000 10501 0.0126055 3.29266 0.0454367
500 1.0 124750 10000 21154 0.0102515 2.8036 0.0485652
500 1.0 124750 10000 22572 0.00806248 2.78749 0.0484047
500 1.0 124750 10000 27775 0.00932117 2.69618 0.0591137
500 1.0 124750 10000 28112 0.00724777 2.43767 0.0423661
500 1.0 124750 10000 28958 0.00757831 2.65687 0.0487816
500 1.0 124750 10000 29137 0.0075425 2.93933 0.0424196
500 1.0 124750 10000 7377 0.00741879 2.67352 0.0496253
500 1.0 124750 10000 9418 0.00792768 2.55123 0.0485597
500 1.0 124750 10000 9792 0.00894499 2.98958 0.0554051
500 1.0 124750 100 1002 0.017287 2.80616 0.0717636
500 1.0 124750 100 17189 0.011771 3.00889 0.0503871
500 1.0 124750 100 19369 0.00963092 2.711 0.0893678
500 1.0 124750 100 21545 0.00758479 2.78549 0.042208
500 1.0 124750 100 23404 0.0086246 2.83545 0.0501478
500 1.0 124750 100 24891 0.0081769 2.67517 0.0473893
500 1.0 124750 100 2675 0.0107555 2.73338 0.0514995
500 1.0 124750 100 3965 0.00748595 2.68769 0.0529605
500 1.0 124750 100 5179 0.00880963 2.82932 0.048989
500 1.0 124750 100 8438 0.00846477 2.88101 0.0601763
500 1.0 124750 1420 15891 0.00825294 2.69353 0.0624815
500 1.0 124750 1420 19468 0.00714182 2.69881 0.030657
500 1.0 124750 1420 19683 0.00788398 2.83425 0.059396
500 1.0 124750 1420 20731 0.00823226 2.48461 0.0434892
500 1.0 124750 1420 24348 0.00987137 2.84159 0.0577099
500 1.0 124750 1420 2474 0.0102409 2.67539 0.0491326
500 1.0 124750 1420 25086 0.00909868 2.48149 0.0486901
500 1.0 124750 1420 27845 0.00841969 2.68241 0.0564964
500 1.0 124750 1420 30992 0.00874707 2.95511 0.0536567
500 1.0 124750 1420 535 0.00884884 3.19964 0.0473081
500 1.0 124750 2080 17002 0.00868889 2.91557 0.0471029
500 1.0 124750 2080 17259 0.00810047 2.41149 0.0376413
500 1.0 124750 2080 19030 0.00867479 2.63778 0.0577555
500 1.0 124750 2080 20833 0.00826559 3.15244 0.0446843
500 1.0 124750 2080 22895 0.00900489 2.93647 0.0425667
500 1.0 124750 2080 25601 0.00720387 2.85606 0.0473778
500 1.0 124750 2080 28886 0.00850803 3.30048 0.0383999
500 1.0 124750 2080 30293 0.00723009 2.95662 0.0450772
500 1.0 124750 2080 758 0.00713432 2.64544 0.0695637
500 1.0 124750 2080 8660 0.00908412 3.12128 0.0406353
500 1.0 124750 2740 10593 0.0133591 2.49681 0.0609606
500 1.0 124750 2740 17966 0.00920817 2.87236 0.0422105
500 1.0 124750 2740 20488 0.0146095 2.97174 0.0638747
500 1.0 124750 2740 26308 0.00920687 2.22906 0.0498332
500 1.0 124750 2740 26550 0.00726705 2.6925 0.0483797
500 1.0 124750 2740 27378 0.00753092 2.71642 0.0476743
500 1.0 124750 2740 29461 0.00888668 2.87492 0.0510653
500 1.0 124750 2740 31908 0.00819412 3.115 0.0416299
500 1.0 124750 2740 5018 0.00849943 2.42851 0.04121
500 1.0 124750 2740 8842 0.00904055 2.69553 0.0422555
500 1.0 124750 3400 10133 0.00726429 2.45691 0.0595583
500 1.0 124750 3400 1110 0.00904402 2.98251 0.0389648
500 1.0 124750 3400 14257 0.00909773 2.51544 0.0500654
500 1.0 124750 3400 24580 0.00985356 3.0266 0.0694624
500 1.0 124750 3400 24833 0.00721121 2.62012 0.0490263
500 1.0 124750 3400 29904 0.00814529 2.73246 0.0473053
500 1.0 124750 3400 31333 0.00898192 2.72724 0.0433262
500 1.0 124750 3400 7012 0.00838533 2.97278 0.0657911
500 1.0 124750 3400 7076 0.00777766 2.7757 0.0574957
500 1.0 124750 3400 8406 0.00847473 3.20138 0.050852
500 1.0 124750 4060 13819 0.00726095 2.46085 0.0350823
500 1.0 124750 4060 18752 0.00765326 2.5976 0.0413931
500 1.0 124750 4060 21350 0.00923291 2.93437 0.0543435
500 1.0 124750 4060 24163 0.00791542 2.65496 0.0393225
500 1.0 124750 4060 25875 0.00862124 2.91804 0.0418666
500 1.0 124750 4060 2772 0.00873342 2.64473 0.06337
500 1.0 124750 4060 28150 0.00791357 2.87199 0.0470112
500 1.0 124750 4060 5259 0.00850294 2.79271 0.0533555
500 1.0 124750 4060 6390 0.00990292 2.61946 0.0621583
500 1.0 124750 4060 8513 0.00837028 2.95114 0.0430329
500 1.0 124750 4720 11585 0.0095278 3.36514 0.0430646
500 1.0 124750 4720 12647 0.0148327 3.18014 0.051802
500 1.0 124750 4720 16694 0.00746043 2.55234 0.0433246
500 1.0 124750 4720 25579 0.00904929 3.08741 0.0527168
500 1.0 124750 4720 26973 0.00723607 2.74214 0.0484024
500 1.0 124750 4720 2757 0.0120146 2.77435 0.0528964
500 1.0 124750 4720 30292 0.00790896 2.57783 0.043481
500 1.0 124750 4720 31595 0.00743845 2.64 0.0421522
500 1.0 124750 4720 4533 0.00765301 2.67627 0.0539267
500 1.0 124750 4720 9121 0.0102285 2.5451 0.0497993
500 1.0 124750 5380 13086 0.00727926 2.52669 0.0490802
500 1.0 124750 5380 16310 0.00873339 3.26382 0.0368613
500 1.0 124750 5380 17223 0.0110583 3.18816 0.0467896
500 1.0 124750 5380 20479 0.00727828 2.62888 0.0489827
500 1.0 124750 5380 21238 0.0106316 2.67202 0.0618981
500 1.0 124750 5380 24860 0.0152408 3.17174 0.0624174
500 1.0 124750 5380 24906 0.00760074 2.51361 0.0518515
500 1.0 124750 5380 25824 0.00812195 2.63438 0.057512
500 1.0 124750 5380 26865 0.00711455 2.7492 0.0514936
500 1.0 124750 5380 29564 0.0110896 2.57441 0.0520815
500 1.0 124750 6040 10132 0.0138421 3.27829 0.0547275
500 1.0 124750 6040 18031 0.00892591 2.45615 0.054509
500 1.0 124750 6040 18540 0.00847295 2.82632 0.0422259
500 1.0 124750 6040 20297 0.0085807 2.68793 0.0439102
500 1.0 124750 6040 27602 0.0167634 3.19208 0.0526535
500 1.0 124750 6040 28522 0.00813987 2.52319 0.0570873
500 1.0 124750 6040 29442 0.00762918 2.5855 0.0520246
500 1.0 124750 6040 29924 0.00884567 2.43637 0.073236
500 1.0 124750 6040 30799 0.00695549 2.59977 0.0418985
500 1.0 124750 6040 32421 0.00978694 2.65853 0.0524731
500 1.0 124750 6700 11685 0.00744221 2.53416 0.041388
500 1.0 124750 6700 12089 0.00738121 2.41917 0.0382965
500 1.0 124750 6700 13439 0.0097844 2.69871 0.060792
500 1.0 124750 6700 17234 0.00826633 2.7795 0.051666
500 1.0 124750 6700 2751 0.0090354 2.87999 0.0381317
500 1.0 124750 6700 3141 0.00890996 2.88476 0.0367718
500 1.0 124750 6700 32256 0.0149132 3.05275 0.0554807
500 1.0 124750 6700 3305 0.0085436 2.61737 0.0607079
500 1.0 124750 6700 3371 0.0138105 2.94549 0.0586923
500 1.0 124750 6700 3373 0.0110598 3.30883 0.0468051
500 1.0 124750 7360 10817 0.00764494 2.59265 0.0341508
500 1.0 124750 7360 11002 0.00734433 2.73825 0.0461669
500 1.0 124750 7360 11403 0.0127133 2.43519 0.0417845
500 1.0 124750 7360 13772 0.00794249 2.98869 0.0364104
500 1.0 124750 7360 17864 0.010527 2.82693 0.0530626
500 1.0 124750 7360 19694 0.00878105 2.8871 0.0444956
500 1.0 124750 7360 24228 0.00874691 3.00363 0.0482358
500 1.0 124750 7360 28103 0.00879753 2.70626 0.0579872
500 1.0 124750 7360 30337 0.00810978 2.65902 0.0467586
500 1.0 124750 7360 7338 0.0088933 2.61318 0.0406722
500 1.0 124750 760 10874 0.0073164 2.24594 0.0341663
500 1.0 124750 760 18556 0.00821858 2.82562 0.0493323
500 1.0 124750 760 19405 0.00810129 2.8609 0.0502173
500 1.0 124750 760 19976 0.0155684 3.07791 0.0604254
500 1.0 124750 760 21703 0.012525 3.00595 0.0645297
500 1.0 124750 760 22377 0.015182 3.17177 0.066618
500 1.0 124750 760 23570 0.00718851 2.74315 0.0458981
500 1.0 124750 760 25090 0.0141008 2.98375 0.0568658
500 1.0 124750 760 30445 0.00835157 2.63672 0.0561502
500 1.0 124750 760 4512 0.00728356 2.68312 0.04958
500 1.0 124750 8020 15592 0.00795302 2.60212 0.0676662
500 1.0 124750 8020 15923 0.00744338 2.76741 0.0397461
500 1.0 124750 8020 18036 0.00729818 2.75524 0.0388427
500 1.0 124750 8020 20253 0.0082462 2.92946 0.0420306
500 1.0 124750 8020 24325 0.0111067 2.35093 0.0478735
500 1.0 124750 8020 24813 0.00690825 2.54021 0.0359714
500 1.0 124750 8020 27595 0.00859578 2.90251 0.0463254
500 1.0 124750 8020 29556 0.00989331 2.77672 0.0486206
500 1.0 124750 8020 30159 0.00731875 2.44186 0.0428655
500 1.0 124750 8020 30895 0.0083372 3.21955 0.047535
500 1.0 124750 8680 15479 0.0104619 2.88582 0.0593545
500 1.0 124750 8680 16568 0.00950892 2.60382 0.0550089
500 1.0 124750 8680 16971 0.00765584 2.50997 0.0402809
500 1.0 124750 8680 17009 0.00822568 2.62985 0.0524998
500 1.0 124750 8680 17799 0.0113512 3.22697 0.0483036
500 1.0 124750 8680 23232 0.0082906 2.54633 0.0712318
500 1.0 124750 8680 30547 0.00962433 2.74633 0.0449265
500 1.0 124750 8680 4256 0.00849384 2.70187 0.0508285
500 1.0 124750 8680 4922 0.0107044 2.9449 0.0536525
500 1.0 124750 8680 9885 0.0129432 2.98575 0.0636309
500 1.0 124750 9340 15466 0.00846292 2.91401 0.0355935
500 1.0 124750 9340 17060 0.00787656 2.71064 0.0452053
500 1.0 124750 9340 192 0.00770824 2.79303 0.0525973
500 1.0 124750 9340 21114 0.00905987 2.99927 0.0460498
500 1.0 124750 9340 23068 0.00733357 2.34903 0.0420244
500 1.0 124750 9340 25095 0.00913948 3.31355 0.0464352
500 1.0 124750 9340 28133 0.00787693 2.78266 0.0563196
500 1.0 124750 9340 29375 0.00891357 3.19225 0.0369171
500 1.0 124750 9340 32127 0.00803119 2.57142 0.0455085
500 1.0 124750 9340 7782 0.00722136 2.6825 0.0427318
